{
  "nbformat": 4,
  "nbformat_minor": 0,
  "metadata": {
    "colab": {
      "name": "Pulido_Luciano_Ejercicio1_1_3_CPU.ipynb",
      "provenance": [],
      "collapsed_sections": []
    },
    "kernelspec": {
      "name": "python3",
      "display_name": "Python 3"
    }
  },
  "cells": [
    {
      "cell_type": "markdown",
      "metadata": {
        "id": "x_jsvZKzy6Nd"
      },
      "source": [
        "#1 Introducción"
      ]
    },
    {
      "cell_type": "markdown",
      "metadata": {
        "id": "FCHlW7fuy9-o"
      },
      "source": [
        "\n",
        "En el siguiente cuaderno obtenemos la matriz transpuesta de una matriz de números flotantes de manera secuencial utilizando solo procesador CPU.\n",
        "\n",
        "El objetivo es comparar los tiempos de ejecución de ambas versiones (secuencial vs paralelismo) del algoritmo que obtiene la matriz transpuesta."
      ]
    },
    {
      "cell_type": "markdown",
      "metadata": {
        "id": "m3NjPSOay-9f"
      },
      "source": [
        "#2 Armado del ambiente"
      ]
    },
    {
      "cell_type": "markdown",
      "metadata": {
        "id": "VIkxa4jRy_j8"
      },
      "source": [
        "No son necesarios, ejecuciones previas del armado del ambiente."
      ]
    },
    {
      "cell_type": "markdown",
      "metadata": {
        "id": "cZsa5LU3zO-i"
      },
      "source": [
        "#3 Desarrollo "
      ]
    },
    {
      "cell_type": "code",
      "metadata": {
        "id": "C_fNk63rzRXl",
        "colab": {
          "base_uri": "https://localhost:8080/"
        },
        "outputId": "f2f575c0-0efe-4bd9-cb74-ec82629e2baf"
      },
      "source": [
        "#@title Parametros: { vertical-output: true, display-mode: \"both\" }\n",
        "ordenMatriz =  5#@param {type:\"number\"}\n",
        "\n",
        "from datetime import datetime\n",
        "tiempo_total = datetime.now()\n",
        "\n",
        "import numpy\n",
        "\n",
        "# Definición de función que transforma el tiempo en  milisegundos \n",
        "tiempo_en_ms = lambda dt:(dt.days * 24 * 60 * 60 + dt.seconds) * 1000 + dt.microseconds / 1000.0\n",
        "\n",
        "# CPU - Defino la memoria de las matrices en cpu.\n",
        "\n",
        "try:\n",
        "  matriz = numpy.random.random((ordenMatriz,ordenMatriz))\n",
        "  matriz = matriz.astype(numpy.float32())\n",
        "  matrizT = numpy.empty_like(matriz)\n",
        "\n",
        "  tiempo_bucle = datetime.now()\n",
        "\n",
        "  for i in range(0,ordenMatriz):\n",
        "    for j in range(0,ordenMatriz):\n",
        "      matrizT[j][i] = matriz[i][j]\n",
        "\n",
        "  tiempo_bucle = datetime.now() - tiempo_bucle\n",
        "  tiempo_total = datetime.now() - tiempo_total\n",
        "  \n",
        "  print(\"Matriz original: \")\n",
        "  print(matriz)\n",
        "  print(\"\")\n",
        "  print(\"Matriz transpuesta: \")\n",
        "  print(matrizT)\n",
        "  print(\"\")\n",
        "  print(\"Tiempo Total: \", tiempo_en_ms( tiempo_total ), \"[ms]\" )\n",
        "  print(\"Tiempo bucle: \", tiempo_en_ms( tiempo_bucle ), \"[ms]\" )\n",
        "\n",
        "except ValueError:\n",
        "  print(\"se ingreso un orden (tamaño de la matriz) menor a 0\")\n",
        "  print(\"ingrese un orden mayor a 0\")\n"
      ],
      "execution_count": null,
      "outputs": [
        {
          "output_type": "stream",
          "text": [
            "Matriz original: \n",
            "[[0.60751855 0.08994103 0.53095305 0.5923071  0.44280097]\n",
            " [0.02026618 0.20784345 0.78383785 0.95131385 0.9146255 ]\n",
            " [0.47539505 0.6447987  0.68640614 0.9715737  0.70004684]\n",
            " [0.3987849  0.4300021  0.9473704  0.7168067  0.22456126]\n",
            " [0.7636829  0.34643552 0.54124856 0.09217121 0.44175905]]\n",
            "\n",
            "Matriz transpuesta: \n",
            "[[0.60751855 0.02026618 0.47539505 0.3987849  0.7636829 ]\n",
            " [0.08994103 0.20784345 0.6447987  0.4300021  0.34643552]\n",
            " [0.53095305 0.78383785 0.68640614 0.9473704  0.54124856]\n",
            " [0.5923071  0.95131385 0.9715737  0.7168067  0.09217121]\n",
            " [0.44280097 0.9146255  0.70004684 0.22456126 0.44175905]]\n",
            "\n",
            "Tiempo Total:  0.289 [ms]\n"
          ],
          "name": "stdout"
        }
      ]
    },
    {
      "cell_type": "markdown",
      "metadata": {
        "id": "OLQ1dWFAzSD7"
      },
      "source": [
        "#4 Tabla de pasos de ejecución del programa"
      ]
    },
    {
      "cell_type": "markdown",
      "metadata": {
        "id": "JHdT3fB_zVya"
      },
      "source": [
        " Procesador | Funciòn | Detalle\n",
        "------------|---------|----------\n",
        "CPU      |  @param                | Lectura del tamaño de la matriz desde colab.\n",
        "CPU      |  import                | Importa los módulos para funcionar.\n",
        "CPU      |  datetime.now()        | Toma el tiempo actual.\n",
        "CPU      |  numpy.random.randn( ordenMatriz ) | Inicializa las matrices\n",
        "CPU      |  for                   | transpongo la matriz \n",
        "CPU      |  print()               | Informo los resultados."
      ]
    },
    {
      "cell_type": "markdown",
      "metadata": {
        "id": "r9gLYdlnzn8h"
      },
      "source": [
        "#5 Conclusiones"
      ]
    },
    {
      "cell_type": "markdown",
      "metadata": {
        "id": "dSyyD81wztYL"
      },
      "source": [
        ""
      ]
    },
    {
      "cell_type": "markdown",
      "metadata": {
        "id": "HtsUCINBzqU4"
      },
      "source": [
        "#6 Bibliografia"
      ]
    },
    {
      "cell_type": "markdown",
      "metadata": {
        "id": "jTL8I2Fnztv0"
      },
      "source": [
        "[1] MARKDOWN SYNTAX Colab:[PDF](https://github.com/wvaliente/SOA_HPC/blob/main/Documentos/markdown-cheatsheet-online.pdf)\n",
        "\n",
        "[2] Introducción a Python: [pagina colab](https://github.com/wvaliente/SOA_HPC/blob/main/Documentos/Python_Basico.ipynb)"
      ]
    }
  ]
}